-0.192
-0.038
-0.223
+0.183
+0.077
+0.135
+0.147
-0.082
+0.110
-0.130
-0.021
-0.960
-2.077
-1.209
+0.105
+1.759
+5.121
+9.089
+4.959
+1.935
+0.888
-0.043
+0.961
+2.006
+1.202
-0.160
-1.860
-4.865
-9.192
-4.847
-1.973
-1.181
+0.029
-0.173
+0.191
+0.226
-0.121
+0.205
+0.227
+0.160
-0.225
+0.039
-0.178
-0.179
-0.076
-0.048
-0.090
-0.077
+0.062
+0.221
+0.053
-0.224
-0.246
+0.042
+0.190
+0.777
+1.983
+0.878
+0.214
-1.842
-4.828
-8.943
-5.145
-2.017
-0.886
-0.198
-0.034
-0.112
-0.247
-0.000
-0.122
-0.037
-0.196
+0.215
-0.106
+0.114
-0.238
+1.186
+1.970
+1.042
-0.018
-1.919
-4.914
-8.934
-5.036
-1.904
-0.946
-0.034
-0.096
+0.105
+0.004
+0.128
-0.091
+0.025
-0.085
+0.021
+0.137
-0.019
+0.151
-1.146
-2.005
-0.828
+0.220
+2.108
+5.139
+9.052
